987,990,0.06469
990,987,0.06469
984,986,0.0377
986,984,0.0377
983,988,0.06158
988,983,0.06158
981,997,0.05808
997,981,0.05808
979,993,0.05028
993,979,0.05028
977,992,0.05575
992,977,0.05575
975,978,0.0259
978,975,0.0259
974,998,0.06373
998,974,0.06373
973,984,0.06512
984,973,0.06512
973,986,0.07181
986,973,0.07181
973,995,0.06798
995,973,0.06798
971,985,0.04048
985,971,0.04048
969,970,0.06807
970,969,0.06807
966,968,0.06213
968,966,0.06213
966,995,0.04364
995,966,0.04364
963,968,0.0697
968,963,0.0697
961,967,0.0744
967,961,0.0744
961,991,0.03901
991,961,0.03901
956,999,0.06462
999,956,0.06462
952,994,0.02873
994,952,0.02873
948,987,0.01489
987,948,0.01489
947,959,0.07469
959,947,0.07469
947,974,0.0658
974,947,0.0658
947,998,0.03188
998,947,0.03188
946,990,0.01906
990,946,0.01906
944,947,0.03825
947,944,0.03825
944,974,0.02764
974,944,0.02764
944,998,0.04288
998,944,0.04288
943,945,0.02586
945,943,0.02586
942,979,0.01027
979,942,0.01027
942,993,0.04583
993,942,0.04583
938,961,0.07417
961,938,0.07417
938,991,0.03525
991,938,0.03525
936,965,0.04994
965,936,0.04994
935,943,0.01266
943,935,0.01266
935,945,0.03619
945,935,0.03619
933,944,0.02367
944,933,0.02367
933,947,0.02216
947,933,0.02216
933,974,0.04848
974,933,0.04848
933,998,0.02065
998,933,0.02065
932,934,0.02981
934,932,0.02981
931,945,0.07309
945,931,0.07309
931,958,0.06016
958,931,0.06016
930,996,0.06125
996,930,0.06125
929,949,0.06134
949,929,0.06134
929,982,0.03239
982,929,0.03239
928,988,0.06494
988,928,0.06494
927,946,0.06891
946,927,0.06891
926,994,0.06692
994,926,0.06692
925,960,0.01951
960,925,0.01951
924,975,0.05714
975,924,0.05714
924,978,0.05258
978,924,0.05258
923,946,0.04998
946,923,0.04998
923,969,0.06
969,923,0.06
923,987,0.06068
987,923,0.06068
923,990,0.03152
990,923,0.03152
922,981,0.0269
981,922,0.0269
922,997,0.03288
997,922,0.03288
921,989,0.02107
989,921,0.02107
919,929,0.06636
929,919,0.06636
919,949,0.05455
949,919,0.05455
919,982,0.06103
982,919,0.06103
918,927,0.03727
927,918,0.03727
918,952,0.05446
952,918,0.05446
918,994,0.0386
994,918,0.0386
916,950,0.05051
950,916,0.05051
914,928,0.05594
928,914,0.05594
914,983,0.05423
983,914,0.05423
914,988,0.0241
988,914,0.0241
913,933,0.07346
933,913,0.07346
913,944,0.05709
944,913,0.05709
913,947,0.07063
947,913,0.07063
913,974,0.06458
974,913,0.06458
912,931,0.03287
931,912,0.03287
912,945,0.06818
945,912,0.06818
912,958,0.07395
958,912,0.07395
912,997,0.0527
997,912,0.0527
911,925,0.02444
925,911,0.02444
911,960,0.02365
960,911,0.02365
910,976,0.01405
976,910,0.01405
909,966,0.02532
966,909,0.02532
909,968,0.04773
968,909,0.04773
909,995,0.04005
995,909,0.04005
908,988,0.06062
988,908,0.06062
907,934,0.0712
934,907,0.0712
907,981,0.05675
981,907,0.05675
906,919,0.05184
919,906,0.05184
906,929,0.03396
929,906,0.03396
906,949,0.02738
949,906,0.02738
906,982,0.05651
982,906,0.05651
905,939,0.0703
939,905,0.0703
904,923,0.06418
923,904,0.06418
904,946,0.05884
946,904,0.05884
904,948,0.03987
948,904,0.03987
904,987,0.03137
987,904,0.03137
904,990,0.05213
990,904,0.05213
902,928,0.05429
928,902,0.05429
901,919,0.05007
919,901,0.05007
901,954,0.06697
954,901,0.06697
900,940,0.07163
940,900,0.07163
899,909,0.03701
909,899,0.03701
899,966,0.02545
966,899,0.02545
899,984,0.06417
984,899,0.06417
899,995,0.02462
995,899,0.02462
898,917,0.0511
917,898,0.0511
898,964,0.06846
964,898,0.06846
897,913,0.03854
913,897,0.03854
897,933,0.0384
933,897,0.0384
897,944,0.03211
944,897,0.03211
897,947,0.03209
947,897,0.03209
897,974,0.05477
974,897,0.05477
897,998,0.05756
998,897,0.05756
896,983,0.05029
983,896,0.05029
895,897,0.04983
897,895,0.04983
895,913,0.0451
913,895,0.0451
895,947,0.07137
947,895,0.07137
894,965,0.04964
965,894,0.04964
892,977,0.03879
977,892,0.03879
891,952,0.06905
952,891,0.06905
890,907,0.03488
907,890,0.03488
890,959,0.05917
959,890,0.05917
889,930,0.05244
930,889,0.05244
889,996,0.05049
996,889,0.05049
888,890,0.06937
890,888,0.06937
888,959,0.02389
959,888,0.02389
887,892,0.04066
892,887,0.04066
887,898,0.04044
898,887,0.04044
887,917,0.05621
917,887,0.05621
887,964,0.05971
964,887,0.05971
886,894,0.02442
894,886,0.02442
886,965,0.0626
965,886,0.0626
885,936,0.07391
936,885,0.07391
885,937,0.07184
937,885,0.07184
884,911,0.04981
911,884,0.04981
884,925,0.02827
925,884,0.02827
884,960,0.04662
960,884,0.04662
883,891,0.07287
891,883,0.07287
883,911,0.02857
911,883,0.02857
883,925,0.05264
925,883,0.05264
883,960,0.04495
960,883,0.04495
882,895,0.03114
895,882,0.03114
882,897,0.04636
897,882,0.04636
882,913,0.01806
913,882,0.01806
882,944,0.07128
944,882,0.07128
881,923,0.0372
923,881,0.0372
881,969,0.02309
969,881,0.02309
881,987,0.06648
987,881,0.06648
881,990,0.06809
990,881,0.06809
879,941,0.04723
941,879,0.04723
878,920,0.04201
920,878,0.04201
878,922,0.05067
922,878,0.05067
878,981,0.04148
981,878,0.04148
878,997,0.06394
997,878,0.06394
877,882,0.03345
882,877,0.03345
877,895,0.01697
895,877,0.01697
877,897,0.0648
897,877,0.0648
877,913,0.05089
913,877,0.05089
876,900,0.06325
900,876,0.06325
876,940,0.06158
940,876,0.06158
875,956,0.04668
956,875,0.04668
875,964,0.04964
964,875,0.04964
874,886,0.03409
886,874,0.03409
874,894,0.04498
894,874,0.04498
874,905,0.05611
905,874,0.05611
873,982,0.05854
982,873,0.05854
872,970,0.04155
970,872,0.04155
871,962,0.07477
962,871,0.07477
870,906,0.05748
906,870,0.05748
870,929,0.03841
929,870,0.03841
870,982,0.06619
982,870,0.06619
869,909,0.05309
909,869,0.05309
869,921,0.069
921,869,0.069
869,968,0.07101
968,869,0.07101
869,995,0.05908
995,869,0.05908
868,940,0.0314
940,868,0.0314
867,985,0.06177
985,867,0.06177
866,924,0.04869
924,866,0.04869
866,975,0.02406
975,866,0.02406
866,978,0.00436
978,866,0.00436
865,916,0.03303
916,865,0.03303
865,950,0.04448
950,865,0.04448
864,905,0.07312
905,864,0.07312
863,876,0.06491
876,863,0.06491
862,967,0.029
967,862,0.029
861,974,0.07324
974,861,0.07324
860,890,0.07415
890,860,0.07415
860,907,0.06759
907,860,0.06759
860,932,0.03411
932,860,0.03411
860,934,0.00536
934,860,0.00536
859,871,0.0389
871,859,0.0389
859,891,0.06291
891,859,0.06291
858,892,0.04445
892,858,0.04445
858,977,0.02819
977,858,0.02819
858,992,0.05661
992,858,0.05661
857,908,0.06021
908,857,0.06021
856,875,0.05754
875,856,0.05754
856,953,0.06917
953,856,0.06917
856,956,0.06463
956,856,0.06463
856,964,0.06773
964,856,0.06773
855,883,0.07222
883,855,0.07222
855,884,0.06073
884,855,0.06073
855,911,0.059
911,855,0.059
855,925,0.06299
925,855,0.06299
855,926,0.0475
926,855,0.0475
854,889,0.07398
889,854,0.07398
854,924,0.07065
924,854,0.07065
853,877,0.05421
877,853,0.05421
853,895,0.07042
895,853,0.07042
853,920,0.041
920,853,0.041
852,901,0.02406
901,852,0.02406
852,919,0.07154
919,852,0.07154
852,954,0.05513
954,852,0.05513
851,910,0.03506
910,851,0.03506
851,921,0.07023
921,851,0.07023
851,976,0.04478
976,851,0.04478
851,989,0.0509
989,851,0.0509
850,852,0.04171
852,850,0.04171
850,901,0.04185
901,850,0.04185
850,919,0.05604
919,850,0.05604
850,949,0.06845
949,850,0.06845
850,954,0.03218
954,850,0.03218
849,951,0.06972
951,849,0.06972
848,893,0.07471
893,848,0.07471
846,923,0.06974
923,846,0.06974
846,946,0.0584
946,846,0.0584
846,990,0.06177
990,846,0.06177
845,861,0.06191
861,845,0.06191
845,915,0.0193
915,845,0.0193
844,866,0.03424
866,844,0.03424
844,924,0.04632
924,844,0.04632
844,975,0.05768
975,844,0.05768
844,978,0.03427
978,844,0.03427
843,863,0.04521
863,843,0.04521
843,876,0.02672
876,843,0.02672
841,930,0.04375
930,841,0.04375
841,996,0.04736
996,841,0.04736
840,855,0.04726
855,840,0.04726
840,883,0.02672
883,840,0.02672
840,884,0.0708
884,840,0.0708
840,891,0.07247
891,840,0.07247
840,911,0.03118
911,840,0.03118
840,925,0.05243
925,840,0.05243
840,926,0.06027
926,840,0.06027
840,960,0.05467
960,840,0.05467
839,899,0.06224
899,839,0.06224
839,973,0.05214
973,839,0.05214
839,984,0.01299
984,839,0.01299
839,986,0.03806
986,839,0.03806
839,995,0.0714
995,839,0.0714
838,880,0.05879
880,838,0.05879
838,903,0.05996
903,838,0.05996
837,889,0.0713
889,837,0.0713
837,961,0.07242
961,837,0.07242
837,996,0.04234
996,837,0.04234
836,839,0.06119
839,836,0.06119
836,984,0.05859
984,836,0.05859
836,986,0.0237
986,836,0.0237
835,862,0.05968
862,835,0.05968
835,967,0.06296
967,835,0.06296
833,888,0.02748
888,833,0.02748
833,890,0.04744
890,833,0.04744
833,907,0.07495
907,833,0.07495
833,959,0.01202
959,833,0.01202
832,842,0.02813
842,832,0.02813
832,975,0.07243
975,832,0.07243
831,851,0.06697
851,831,0.06697
831,910,0.03604
910,831,0.03604
831,976,0.02274
976,831,0.02274
830,874,0.02388
874,830,0.02388
830,886,0.05615
886,830,0.05615
830,894,0.06883
894,830,0.06883
830,905,0.04209
905,830,0.04209
829,837,0.06878
837,829,0.06878
829,841,0.02245
841,829,0.02245
829,889,0.07328
889,829,0.07328
829,930,0.05822
930,829,0.05822
829,996,0.03179
996,829,0.03179
828,955,0.03996
955,828,0.03996
827,854,0.03016
854,827,0.03016
827,889,0.07252
889,827,0.07252
825,905,0.04301
905,825,0.04301
825,939,0.0515
939,825,0.0515
825,953,0.06519
953,825,0.06519
824,850,0.05174
850,824,0.05174
824,852,0.03845
852,824,0.03845
824,901,0.01483
901,824,0.01483
824,919,0.04214
919,824,0.04214
823,843,0.06075
843,823,0.06075
823,863,0.06523
863,823,0.06523
823,876,0.04935
876,823,0.04935
823,900,0.02344
900,823,0.02344
822,879,0.05936
879,822,0.05936
822,941,0.01505
941,822,0.01505
821,874,0.0536
874,821,0.0536
821,886,0.03636
886,821,0.03636
821,894,0.01194
894,821,0.01194
821,965,0.04684
965,821,0.04684
820,912,0.06077
912,820,0.06077
820,931,0.02799
931,820,0.02799
820,958,0.06404
958,820,0.06404
819,881,0.06534
881,819,0.06534
819,904,0.03021
904,819,0.03021
819,923,0.03646
923,819,0.03646
819,946,0.03616
946,819,0.03616
819,948,0.05648
948,819,0.05648
819,987,0.04227
987,819,0.04227
819,990,0.02339
990,819,0.02339
818,859,0.06296
859,818,0.06296
818,871,0.04344
871,818,0.04344
818,962,0.03215
962,818,0.03215
817,912,0.03353
912,817,0.03353
817,931,0.05626
931,817,0.05626
817,935,0.07028
935,817,0.07028
817,943,0.06469
943,817,0.06469
817,945,0.04295
945,817,0.04295
817,997,0.06258
997,817,0.06258
816,846,0.04014
846,816,0.04014
816,918,0.0448
918,816,0.0448
816,927,0.06032
927,816,0.06032
816,946,0.07065
946,816,0.07065
816,952,0.05008
952,816,0.05008
816,994,0.05911
994,816,0.05911
815,902,0.06735
902,815,0.06735
815,980,0.05106
980,815,0.05106
814,822,0.04567
822,814,0.04567
814,941,0.06063
941,814,0.06063
814,963,0.06589
963,814,0.06589
813,868,0.06315
868,813,0.06315
812,831,0.0197
831,812,0.0197
812,851,0.07464
851,812,0.07464
812,910,0.04995
910,812,0.04995
812,976,0.03595
976,812,0.03595
811,935,0.05002
935,811,0.05002
811,943,0.06268
943,811,0.06268
810,824,0.05537
824,810,0.05537
810,852,0.0398
852,810,0.0398
810,863,0.04856
863,810,0.04856
810,901,0.04888
901,810,0.04888
809,825,0.06315
825,809,0.06315
809,830,0.06072
830,809,0.06072
809,864,0.04423
864,809,0.04423
809,905,0.02941
905,809,0.02941
809,939,0.06801
939,809,0.06801
808,824,0.0656
824,808,0.0656
808,906,0.04336
906,808,0.04336
808,919,0.02856
919,808,0.02856
808,929,0.04272
929,808,0.04272
808,949,0.05998
949,808,0.05998
808,982,0.03253
982,808,0.03253
807,972,0.02055
972,807,0.02055
806,817,0.06756
817,806,0.06756
806,878,0.07083
878,806,0.07083
806,912,0.04886
912,806,0.04886
806,922,0.04892
922,806,0.04892
806,981,0.0727
981,806,0.0727
806,997,0.01676
997,806,0.01676
805,814,0.04254
814,805,0.04254
804,872,0.0477
872,804,0.0477
804,948,0.05106
948,804,0.05106
804,987,0.06532
987,804,0.06532
803,881,0.0701
881,803,0.0701
803,969,0.04701
969,803,0.04701
803,970,0.04201
970,803,0.04201
802,983,0.04903
983,802,0.04903
801,860,0.03185
860,801,0.03185
801,890,0.0647
890,801,0.0647
801,907,0.07395
907,801,0.07395
801,932,0.05301
932,801,0.05301
801,934,0.03616
934,801,0.03616
801,973,0.05818
973,801,0.05818
800,827,0.04595
827,800,0.04595
800,854,0.01693
854,800,0.01693
800,924,0.05634
924,800,0.05634
799,809,0.03319
809,799,0.03319
799,825,0.04149
825,799,0.04149
799,864,0.05685
864,799,0.05685
799,905,0.03718
905,799,0.03718
799,939,0.0357
939,799,0.0357
798,818,0.05168
818,798,0.05168
798,859,0.03802
859,798,0.03802
798,871,0.00824
871,798,0.00824
797,802,0.0476
802,797,0.0476
797,830,0.05217
830,797,0.05217
797,874,0.06422
874,797,0.06422
796,834,0.05698
834,796,0.05698
795,916,0.06779
916,795,0.06779
795,950,0.05019
950,795,0.05019
795,977,0.05807
977,795,0.05807
795,992,0.07146
992,795,0.07146
794,848,0.07418
848,794,0.07418
794,937,0.06707
937,794,0.06707
793,832,0.05167
832,793,0.05167
793,866,0.04735
866,793,0.04735
793,975,0.03493
975,793,0.03493
793,978,0.04567
978,793,0.04567
792,848,0.04852
848,792,0.04852
792,893,0.02626
893,792,0.02626
791,867,0.0469
867,791,0.0469
790,845,0.05458
845,790,0.05458
790,861,0.03531
861,790,0.03531
790,915,0.0642
915,790,0.0642
790,974,0.04779
974,790,0.04779
789,836,0.06684
836,789,0.06684
789,839,0.01003
839,789,0.01003
789,899,0.06032
899,789,0.06032
789,973,0.0423
973,789,0.0423
789,984,0.02287
984,789,0.02287
789,986,0.04317
986,789,0.04317
789,995,0.06611
995,789,0.06611
788,803,0.02928
803,788,0.02928
788,872,0.06988
872,788,0.06988
788,969,0.07373
969,788,0.07373
788,970,0.03216
970,788,0.03216
787,870,0.04439
870,787,0.04439
786,887,0.01898
887,786,0.01898
786,892,0.03585
892,786,0.03585
786,898,0.05483
898,786,0.05483
786,917,0.07486
917,786,0.07486
786,964,0.04885
964,786,0.04885
786,977,0.07171
977,786,0.07171
785,820,0.02927
820,785,0.02927
785,931,0.0523
931,785,0.0523
785,958,0.05687
958,785,0.05687
784,808,0.07481
808,784,0.07481
784,850,0.05672
850,784,0.05672
784,906,0.04794
906,784,0.04794
784,919,0.06186
919,784,0.06186
784,949,0.02072
949,784,0.02072
784,954,0.07207
954,784,0.07207
783,807,0.01378
807,783,0.01378
783,972,0.03186
972,783,0.03186
782,794,0.05188
794,782,0.05188
782,848,0.0478
848,782,0.0478
782,951,0.03947
951,782,0.03947
781,802,0.04819
802,781,0.04819
781,908,0.06675
908,781,0.06675
781,914,0.04711
914,781,0.04711
781,983,0.02798
983,781,0.02798
781,988,0.04285
988,781,0.04285
780,788,0.03882
788,780,0.03882
780,803,0.06547
803,780,0.06547
780,872,0.04756
872,780,0.04756
780,970,0.03679
970,780,0.03679
780,980,0.07081
980,780,0.07081
779,942,0.04688
942,779,0.04688
779,979,0.05227
979,779,0.05227
779,993,0.00532
993,779,0.00532
778,799,0.01555
799,778,0.01555
778,809,0.04523
809,778,0.04523
778,825,0.04947
825,778,0.04947
778,864,0.0568
864,778,0.0568
778,905,0.05273
905,778,0.05273
778,939,0.02329
939,778,0.02329
777,786,0.05991
786,777,0.05991
777,795,0.0561
795,777,0.0561
777,875,0.07386
875,777,0.07386
777,892,0.05966
892,777,0.05966
777,964,0.07137
964,777,0.07137
777,977,0.06209
977,777,0.06209
776,784,0.05087
784,776,0.05087
776,808,0.06678
808,776,0.06678
776,824,0.04307
824,776,0.04307
776,850,0.01698
850,776,0.01698
776,852,0.04714
852,776,0.04714
776,901,0.03776
901,776,0.03776
776,906,0.07213
906,776,0.07213
776,919,0.03915
919,776,0.03915
776,949,0.0579
949,776,0.0579
776,954,0.04885
954,776,0.04885
775,789,0.02137
789,775,0.02137
775,836,0.07444
836,775,0.07444
775,839,0.01685
839,775,0.01685
775,899,0.048
899,775,0.048
775,966,0.06666
966,775,0.06666
775,973,0.06057
973,775,0.06057
775,984,0.01631
984,775,0.01631
775,986,0.05255
986,775,0.05255
775,995,0.06132
995,775,0.06132
773,790,0.05886
790,773,0.05886
773,845,0.04764
845,773,0.04764
773,915,0.03557
915,773,0.03557
771,811,0.04471
811,771,0.04471
771,932,0.06779
932,771,0.06779
770,936,0.06957
936,770,0.06957
769,818,0.05751
818,769,0.05751
769,871,0.07412
871,769,0.07412
769,880,0.03854
880,769,0.03854
769,962,0.05518
962,769,0.05518
768,781,0.02741
781,768,0.02741
768,802,0.065
802,768,0.065
768,908,0.04048
908,768,0.04048
768,914,0.05048
914,768,0.05048
768,983,0.05515
983,768,0.05515
768,988,0.03282
988,768,0.03282
767,860,0.05435
860,767,0.05435
767,907,0.07467
907,767,0.07467
767,922,0.06792
922,767,0.06792
767,932,0.06413
932,767,0.06413
767,934,0.05155
934,767,0.05155
767,981,0.07011
981,767,0.07011
766,833,0.04075
833,766,0.04075
766,888,0.02784
888,766,0.02784
766,890,0.06306
890,766,0.06306
766,959,0.04502
959,766,0.04502
765,815,0.03521
815,765,0.03521
765,980,0.01596
980,765,0.01596
764,783,0.03675
783,764,0.03675
764,807,0.02523
807,764,0.02523
764,972,0.00489
972,764,0.00489
763,793,0.05711
793,763,0.05711
763,800,0.06138
800,763,0.06138
763,844,0.049
844,763,0.049
763,866,0.02545
866,763,0.02545
763,924,0.03525
924,763,0.03525
763,975,0.02232
975,763,0.02232
763,978,0.02967
978,763,0.02967
762,778,0.03898
778,762,0.03898
762,799,0.03893
799,762,0.03893
762,809,0.06941
809,762,0.06941
762,825,0.02323
825,762,0.02323
762,905,0.05806
905,762,0.05806
762,939,0.03165
939,762,0.03165
762,953,0.05797
953,762,0.05797
761,762,0.0743
762,761,0.0743
761,953,0.05106
953,761,0.05106
760,761,0.06923
761,760,0.06923
760,771,0.07119
771,760,0.07119
760,898,0.05001
898,760,0.05001
760,917,0.06783
917,760,0.06783
759,765,0.05475
765,759,0.05475
759,780,0.02415
780,759,0.02415
759,788,0.05976
788,759,0.05976
759,872,0.06032
872,759,0.06032
759,970,0.0606
970,759,0.0606
759,980,0.05329
980,759,0.05329
757,766,0.05035
766,757,0.05035
757,801,0.0648
801,757,0.0648
757,890,0.07304
890,757,0.07304
757,973,0.05225
973,757,0.05225
756,805,0.06751
805,756,0.06751
756,814,0.06723
814,756,0.06723
756,904,0.07496
904,756,0.07496
756,963,0.02984
963,756,0.02984
755,855,0.05581
855,755,0.05581
755,926,0.029
926,755,0.029
755,994,0.07282
994,755,0.07282
754,847,0.06709
847,754,0.06709
753,833,0.07446
833,753,0.07446
753,890,0.03915
890,753,0.03915
753,907,0.00895
907,753,0.00895
753,981,0.05199
981,753,0.05199
752,771,0.05892
771,752,0.05892
752,801,0.06002
801,752,0.06002
752,860,0.04651
860,752,0.04651
752,932,0.01379
932,752,0.01379
752,934,0.04271
934,752,0.04271
751,787,0.05605
787,751,0.05605
751,870,0.03825
870,751,0.03825
751,906,0.0579
906,751,0.0579
751,929,0.06124
929,751,0.06124
751,949,0.06871
949,751,0.06871
750,782,0.05254
782,750,0.05254
750,792,0.04353
792,750,0.04353
750,794,0.05747
794,750,0.05747
750,848,0.02578
848,750,0.02578
750,893,0.06638
893,750,0.06638
749,760,0.0157
760,749,0.0157
749,761,0.06766
761,749,0.06766
749,898,0.03522
898,749,0.03522
749,917,0.06279
917,749,0.06279
748,764,0.06651
764,748,0.06651
748,783,0.02999
783,748,0.02999
748,807,0.0419
807,748,0.0419
748,972,0.06165
972,748,0.06165
747,798,0.06255
798,747,0.06255
747,813,0.04401
813,747,0.04401
747,826,0.05246
826,747,0.05246
747,859,0.07304
859,747,0.07304
747,871,0.07079
871,747,0.07079
746,763,0.06379
763,746,0.06379
746,793,0.01093
793,746,0.01093
746,832,0.05809
832,746,0.05809
746,866,0.04993
866,746,0.04993
746,975,0.04237
975,746,0.04237
746,978,0.04739
978,746,0.04739
745,815,0.07397
815,745,0.07397
745,829,0.06607
829,745,0.06607
745,841,0.0703
841,745,0.0703
745,902,0.02088
902,745,0.02088
745,928,0.0731
928,745,0.0731
744,795,0.05478
795,744,0.05478
744,916,0.05976
916,744,0.05976
744,992,0.04489
992,744,0.04489
743,750,0.04093
750,743,0.04093
743,792,0.03379
792,743,0.03379
743,848,0.06121
848,743,0.06121
743,893,0.03918
893,743,0.03918
742,800,0.06813
800,742,0.06813
742,854,0.06823
854,742,0.06823
742,889,0.05849
889,742,0.05849
742,930,0.0333
930,742,0.0333
741,868,0.02569
868,741,0.02569
741,876,0.06676
876,741,0.06676
741,940,0.00727
940,741,0.00727
740,749,0.02577
749,740,0.02577
740,760,0.03081
760,740,0.03081
740,761,0.04198
761,740,0.04198
740,898,0.05046
898,740,0.05046
739,779,0.04111
779,739,0.04111
739,942,0.02589
942,739,0.02589
739,979,0.02179
979,739,0.02179
739,993,0.03733
993,739,0.03733
738,741,0.04227
741,738,0.04227
738,826,0.04945
826,738,0.04945
738,868,0.05102
868,738,0.05102
738,940,0.04717
940,738,0.04717
737,739,0.07018
739,737,0.07018
737,951,0.07337
951,737,0.07337
736,757,0.00898
757,736,0.00898
736,766,0.04162
766,736,0.04162
736,801,0.06715
801,736,0.06715
736,833,0.07322
833,736,0.07322
736,888,0.06908
888,736,0.06908
736,890,0.06708
890,736,0.06708
736,973,0.06075
973,736,0.06075
735,950,0.06595
950,735,0.06595
734,791,0.04852
791,734,0.04852
734,918,0.04472
918,734,0.04472
734,927,0.05291
927,734,0.05291
734,994,0.06209
994,734,0.06209
733,835,0.05766
835,733,0.05766
733,862,0.01518
862,733,0.01518
733,967,0.0141
967,733,0.0141
732,770,0.04671
770,732,0.04671
731,747,0.06793
747,731,0.06793
731,769,0.06495
769,731,0.06495
731,798,0.03302
798,731,0.03302
731,813,0.06109
813,731,0.06109
731,818,0.06503
818,731,0.06503
731,859,0.07095
859,731,0.07095
731,871,0.03481
871,731,0.03481
730,885,0.01236
885,730,0.01236
730,936,0.06293
936,730,0.06293
729,773,0.05466
773,729,0.05466
729,933,0.06798
933,729,0.06798
729,944,0.0715
944,729,0.0715
729,974,0.06714
974,729,0.06714
729,998,0.06102
998,729,0.06102
728,821,0.06288
821,728,0.06288
728,825,0.06398
825,728,0.06398
728,856,0.07151
856,728,0.07151
728,894,0.07196
894,728,0.07196
728,953,0.06236
953,728,0.06236
727,761,0.0662
761,727,0.0662
727,762,0.04297
762,727,0.04297
727,778,0.03786
778,727,0.03786
727,799,0.05152
799,727,0.05152
727,825,0.06501
825,727,0.06501
727,939,0.0162
939,727,0.0162
726,731,0.03648
731,726,0.03648
726,769,0.03213
769,726,0.03213
726,798,0.04783
798,726,0.04783
726,818,0.04085
818,726,0.04085
726,871,0.04253
871,726,0.04253
726,880,0.0602
880,726,0.0602
726,962,0.05716
962,726,0.05716
725,855,0.07438
855,725,0.07438
725,884,0.06398
884,725,0.06398
724,749,0.05769
749,724,0.05769
724,760,0.07052
760,724,0.07052
724,786,0.03859
786,724,0.03859
724,887,0.02003
887,724,0.02003
724,892,0.05663
892,724,0.05663
724,898,0.02573
898,724,0.02573
724,917,0.03997
917,724,0.03997
724,964,0.07077
964,724,0.07077
723,819,0.01077
819,723,0.01077
723,846,0.07453
846,723,0.07453
723,881,0.06229
881,723,0.06229
723,904,0.04087
904,723,0.04087
723,923,0.02923
923,723,0.02923
723,946,0.02968
946,723,0.02968
723,948,0.06576
948,723,0.06576
723,987,0.05116
987,723,0.05116
723,990,0.01353
990,723,0.01353
722,739,0.07203
739,722,0.07203
722,764,0.04521
764,722,0.04521
722,783,0.06669
783,722,0.06669
722,807,0.05337
807,722,0.05337
722,849,0.05567
849,722,0.05567
722,942,0.0526
942,722,0.0526
722,972,0.04702
972,722,0.04702
722,979,0.05083
979,722,0.05083
721,787,0.04371
787,721,0.04371
721,841,0.06255
841,721,0.06255
721,930,0.06661
930,721,0.06661
719,797,0.06246
797,719,0.06246
719,802,0.0607
802,719,0.0607
719,896,0.0524
896,719,0.0524
719,983,0.0526
983,719,0.0526
718,752,0.05185
752,718,0.05185
718,767,0.04135
767,718,0.04135
718,771,0.0654
771,718,0.0654
718,811,0.04882
811,718,0.04882
718,860,0.05998
860,718,0.05998
718,932,0.04492
932,718,0.04492
718,934,0.0548
934,718,0.0548
718,935,0.07471
935,718,0.07471
717,758,0.02019
758,717,0.02019
717,779,0.07116
779,717,0.07116
716,811,0.07025
811,716,0.07025
716,917,0.05586
917,716,0.05586
716,935,0.04582
935,716,0.04582
716,943,0.04624
943,716,0.04624
716,945,0.06861
945,716,0.06861
715,938,0.02871
938,715,0.02871
715,961,0.05478
961,715,0.05478
715,991,0.02364
991,715,0.02364
714,720,0.04604
720,714,0.04604
714,805,0.06019
805,714,0.06019
713,725,0.04145
725,713,0.04145
713,971,0.0473
971,713,0.0473
712,744,0.06072
744,712,0.06072
712,865,0.04509
865,712,0.04509
712,916,0.01883
916,712,0.01883
712,950,0.06934
950,712,0.06934
711,733,0.06334
733,711,0.06334
711,827,0.07116
827,711,0.07116
711,835,0.00757
835,711,0.00757
711,862,0.0664
862,711,0.0664
711,967,0.06746
967,711,0.06746
710,785,0.07443
785,710,0.07443
710,817,0.04993
817,710,0.04993
710,820,0.04559
820,710,0.04559
710,912,0.05282
912,710,0.05282
710,931,0.04018
931,710,0.04018
710,935,0.07487
935,710,0.07487
710,943,0.06303
943,710,0.06303
710,945,0.03974
945,710,0.03974
709,711,0.03779
711,709,0.03779
709,835,0.03413
835,709,0.03413
709,862,0.07156
862,709,0.07156
708,744,0.04019
744,708,0.04019
708,795,0.05222
795,708,0.05222
708,858,0.05254
858,708,0.05254
708,977,0.04214
977,708,0.04214
708,992,0.02
992,708,0.02
707,728,0.04424
728,707,0.04424
707,762,0.03709
762,707,0.03709
707,778,0.06898
778,707,0.06898
707,799,0.06115
799,707,0.06115
707,825,0.01974
825,707,0.01974
707,905,0.05591
905,707,0.05591
707,939,0.06829
939,707,0.06829
707,953,0.05699
953,707,0.05699
706,766,0.04878
766,706,0.04878
706,833,0.05198
833,706,0.05198
706,888,0.02755
888,706,0.02755
706,947,0.06759
947,706,0.06759
706,959,0.04362
959,706,0.04362
706,998,0.06684
998,706,0.06684
705,719,0.05844
719,705,0.05844
705,768,0.0583
768,705,0.0583
705,781,0.03327
781,705,0.03327
705,802,0.06161
802,705,0.06161
705,896,0.04335
896,705,0.04335
705,914,0.04586
914,705,0.04586
705,983,0.01262
983,705,0.01262
705,988,0.05764
988,705,0.05764
704,723,0.03215
723,704,0.03215
704,819,0.02229
819,704,0.02229
704,904,0.01174
904,704,0.01174
704,923,0.05843
923,704,0.05843
704,946,0.04726
946,704,0.04726
704,948,0.04997
948,704,0.04997
704,987,0.03935
987,704,0.03935
704,990,0.04199
990,704,0.04199
703,747,0.06998
747,703,0.06998
703,798,0.05474
798,703,0.05474
703,859,0.02139
859,703,0.02139
703,871,0.05767
871,703,0.05767
703,891,0.04967
891,703,0.04967
702,775,0.01987
775,702,0.01987
702,789,0.0325
789,702,0.0325
702,836,0.06134
836,702,0.06134
702,839,0.0229
839,702,0.0229
702,899,0.06461
899,702,0.06461
702,973,0.07479
973,702,0.07479
702,984,0.01014
984,702,0.01014
702,986,0.04293
986,702,0.04293
701,706,0.04485
706,701,0.04485
701,736,0.04935
736,701,0.04935
701,757,0.05647
757,701,0.05647
701,766,0.02162
766,701,0.02162
701,833,0.05846
833,701,0.05846
701,888,0.03665
888,701,0.03665
701,959,0.05936
959,701,0.05936
700,816,0.03133
816,700,0.03133
700,846,0.05517
846,700,0.05517
700,918,0.03786
918,700,0.03786
700,927,0.03212
927,700,0.03212
700,946,0.05311
946,700,0.05311
700,952,0.07309
952,700,0.07309
700,990,0.07029
990,700,0.07029
700,994,0.07025
994,700,0.07025
699,743,0.04232
743,699,0.04232
699,750,0.03982
750,699,0.03982
699,792,0.01228
792,699,0.01228
699,848,0.03874
848,699,0.03874
699,893,0.03759
893,699,0.03759
698,734,0.05696
734,698,0.05696
698,755,0.04935
755,698,0.04935
698,791,0.03252
791,698,0.03252
698,867,0.05501
867,698,0.05501
697,746,0.03649
746,697,0.03649
697,763,0.05642
763,697,0.05642
697,793,0.02597
793,697,0.02597
697,832,0.03589
832,697,0.03589
697,842,0.06208
842,697,0.06208
697,866,0.05834
866,697,0.05834
697,975,0.03656
975,697,0.03656
697,978,0.05857
978,697,0.05857
696,721,0.0469
721,696,0.0469
696,745,0.0713
745,696,0.0713
696,829,0.03757
829,696,0.03757
696,841,0.01585
841,696,0.01585
696,930,0.04473
930,696,0.04473
696,996,0.06293
996,696,0.06293
695,796,0.06794
796,695,0.06794
695,834,0.04857
834,695,0.04857
694,705,0.05397
705,694,0.05397
694,719,0.04583
719,694,0.04583
694,896,0.01459
896,694,0.01459
694,983,0.05846
983,694,0.05846
692,823,0.05783
823,692,0.05783
692,843,0.01188
843,692,0.01188
692,863,0.05533
863,692,0.05533
692,876,0.01581
876,692,0.01581
691,705,0.02573
705,691,0.02573
691,719,0.07025
719,691,0.07025
691,768,0.03515
768,691,0.03515
691,781,0.00798
781,691,0.00798
691,802,0.04746
802,691,0.04746
691,896,0.06862
896,691,0.06862
691,908,0.07471
908,691,0.07471
691,914,0.0469
914,691,0.0469
691,983,0.02004
983,691,0.02004
691,988,0.04669
988,691,0.04669
690,700,0.05677
700,690,0.05677
690,816,0.02886
816,690,0.02886
690,846,0.02629
846,690,0.02629
690,918,0.07284
918,690,0.07284
690,952,0.05896
952,690,0.05896
689,733,0.0324
733,689,0.0324
689,862,0.04562
862,689,0.04562
689,961,0.07337
961,689,0.07337
689,967,0.0197
967,689,0.0197
689,991,0.06467
991,689,0.06467
688,957,0.01876
957,688,0.01876
687,689,0.03419
689,687,0.03419
687,733,0.02318
733,687,0.02318
687,862,0.02313
862,687,0.02313
687,967,0.02784
967,687,0.02784
686,746,0.06969
746,686,0.06969
686,763,0.02792
763,686,0.02792
686,793,0.06712
793,686,0.06712
686,844,0.02113
844,686,0.02113
686,866,0.01985
866,686,0.01985
686,924,0.03321
924,686,0.03321
686,975,0.03958
975,686,0.03958
686,978,0.02242
978,686,0.02242
685,699,0.0366
699,685,0.0366
685,743,0.0726
743,685,0.0726
685,750,0.04607
750,685,0.04607
685,782,0.06611
782,685,0.06611
685,792,0.04882
792,685,0.04882
685,848,0.02321
848,685,0.02321
685,893,0.07378
893,685,0.07378
684,712,0.02121
712,684,0.02121
684,744,0.05983
744,684,0.05983
684,795,0.06598
795,684,0.06598
684,865,0.0322
865,684,0.0322
684,916,0.00238
916,684,0.00238
684,950,0.04815
950,684,0.04815
683,745,0.04527
745,683,0.04527
683,829,0.06846
829,683,0.06846
683,902,0.03443
902,683,0.03443
683,928,0.03707
928,683,0.03707
682,691,0.04877
691,682,0.04877
682,694,0.03708
694,682,0.03708
682,705,0.02318
705,682,0.02318
682,719,0.05976
719,682,0.05976
682,781,0.05607
781,682,0.05607
682,896,0.02355
896,682,0.02355
682,914,0.05328
914,682,0.05328
682,983,0.03371
983,682,0.03371
682,988,0.07179
988,682,0.07179
681,729,0.05866
729,681,0.05866
681,812,0.0222
812,681,0.0222
681,831,0.02144
831,681,0.02144
681,910,0.05729
910,681,0.05729
681,976,0.04418
976,681,0.04418
680,853,0.04265
853,680,0.04265
680,877,0.05428
877,680,0.05428
680,882,0.06175
882,680,0.06175
680,895,0.06986
895,680,0.06986
679,842,0.06414
842,679,0.06414
679,873,0.06982
873,679,0.06982
678,718,0.05657
718,678,0.05657
678,752,0.03696
752,678,0.03696
678,767,0.05793
767,678,0.05793
678,801,0.03326
801,678,0.03326
678,860,0.00968
860,678,0.00968
678,932,0.02502
932,678,0.02502
678,934,0.00755
934,678,0.00755
677,803,0.0643
803,677,0.0643
677,850,0.06806
850,677,0.06806
677,954,0.03897
954,677,0.03897
676,700,0.05957
700,676,0.05957
676,734,0.02359
734,676,0.02359
676,791,0.06615
791,676,0.06615
676,918,0.04056
918,676,0.04056
676,927,0.03191
927,676,0.03191
676,994,0.07107
994,676,0.07107
675,703,0.06384
703,675,0.06384
675,840,0.06577
840,675,0.06577
675,883,0.07132
883,675,0.07132
675,891,0.01433
891,675,0.01433
675,926,0.06757
926,675,0.06757
675,952,0.0614
952,675,0.0614
674,882,0.06983
882,674,0.06983
674,895,0.06721
895,674,0.06721
674,897,0.02401
897,674,0.02401
674,913,0.06242
913,674,0.06242
674,933,0.02031
933,674,0.02031
674,944,0.03101
944,674,0.03101
674,947,0.00895
947,674,0.00895
674,974,0.05863
974,674,0.05863
674,998,0.03548
998,674,0.03548
673,754,0.0575
754,673,0.0575
673,774,0.04756
774,673,0.04756
673,847,0.05792
847,673,0.05792
672,776,0.05188
776,672,0.05188
672,784,0.05306
784,672,0.05306
672,808,0.02177
808,672,0.02177
672,824,0.06449
824,672,0.06449
672,850,0.06834
850,672,0.06834
672,901,0.07154
901,672,0.07154
672,906,0.02983
906,672,0.02983
672,919,0.02239
919,672,0.02239
672,929,0.04644
929,672,0.04644
672,949,0.03929
949,672,0.03929
672,982,0.05021
982,672,0.05021
671,704,0.05711
704,671,0.05711
671,723,0.02513
723,671,0.02513
671,819,0.03577
819,671,0.03577
671,846,0.05273
846,671,0.05273
671,881,0.05764
881,671,0.05764
671,904,0.06597
904,671,0.06597
671,923,0.02098
923,671,0.02098
671,946,0.03222
946,671,0.03222
671,987,0.07197
987,671,0.07197
671,990,0.01763
990,671,0.01763
670,851,0.06226
851,670,0.06226
670,869,0.06549
869,670,0.06549
670,921,0.04352
921,670,0.04352
670,989,0.04525
989,670,0.04525
668,728,0.06553
728,668,0.06553
668,821,0.04519
821,668,0.04519
668,894,0.05596
894,668,0.05596
668,965,0.04237
965,668,0.04237
667,689,0.06121
689,667,0.06121
667,715,0.03044
715,667,0.03044
667,938,0.01885
938,667,0.01885
667,961,0.06039
961,667,0.06039
667,991,0.02247
991,667,0.02247
666,791,0.07078
791,666,0.07078
666,851,0.06005
851,666,0.06005
666,867,0.03883
867,666,0.03883
666,921,0.07113
921,666,0.07113
666,985,0.06833
985,666,0.06833
666,989,0.05405
989,666,0.05405
665,679,0.07029
679,665,0.07029
665,697,0.04978
697,665,0.04978
665,746,0.07325
746,665,0.07325
665,793,0.06693
793,665,0.06693
665,832,0.01527
832,665,0.01527
665,842,0.01286
842,665,0.01286
664,908,0.07145
908,664,0.07145
664,914,0.074
914,664,0.074
664,928,0.06668
928,664,0.06668
664,988,0.05801
988,664,0.05801
663,837,0.05534
837,663,0.05534
663,889,0.0337
889,663,0.0337
663,961,0.06061
961,663,0.06061
663,996,0.05808
996,663,0.05808
662,695,0.0182
695,662,0.0182
662,834,0.06672
834,662,0.06672
661,735,0.0471
735,661,0.0471
661,764,0.06771
764,661,0.06771
661,865,0.0657
865,661,0.0657
661,950,0.0703
950,661,0.0703
661,972,0.07109
972,661,0.07109
660,716,0.04919
716,660,0.04919
660,828,0.067
828,660,0.067
660,955,0.03227
955,660,0.03227
659,696,0.05493
696,659,0.05493
659,721,0.01631
721,659,0.01631
659,787,0.02895
787,659,0.02895
659,841,0.07073
841,659,0.07073
659,870,0.07333
870,659,0.07333
658,720,0.03711
720,658,0.03711
658,864,0.04973
864,658,0.04973
657,753,0.07429
753,657,0.07429
657,853,0.06765
853,657,0.06765
657,878,0.02142
878,657,0.02142
657,920,0.03299
920,657,0.03299
657,922,0.06862
922,657,0.06862
657,981,0.05247
981,657,0.05247
656,790,0.03902
790,656,0.03902
656,861,0.05523
861,656,0.05523
656,897,0.0656
897,656,0.0656
656,913,0.06196
913,656,0.06196
656,933,0.06883
933,656,0.06883
656,944,0.04598
944,656,0.04598
656,974,0.02202
974,656,0.02202
655,738,0.02002
738,655,0.02002
655,741,0.0227
741,655,0.0227
655,826,0.06325
826,655,0.06325
655,868,0.03318
868,655,0.03318
655,876,0.07213
876,655,0.07213
655,940,0.02842
940,655,0.02842
654,676,0.04233
676,654,0.04233
654,734,0.06293
734,654,0.06293
654,927,0.04429
927,654,0.04429
653,822,0.07418
822,653,0.07418
653,879,0.01654
879,653,0.01654
653,941,0.06094
941,653,0.06094
651,665,0.06809
665,651,0.06809
651,679,0.0196
679,651,0.0196
651,832,0.07369
832,651,0.07369
651,842,0.06548
842,651,0.06548
650,719,0.03977
719,650,0.03977
650,797,0.02281
797,650,0.02281
650,802,0.04142
802,650,0.04142
650,830,0.07001
830,650,0.07001
650,983,0.06776
983,650,0.06776
649,660,0.03569
660,649,0.03569
649,716,0.01729
716,649,0.01729
649,917,0.07061
917,649,0.07061
649,935,0.04841
935,649,0.04841
649,943,0.04415
943,649,0.04415
649,945,0.06152
945,649,0.06152
649,955,0.06685
955,649,0.06685
648,725,0.0586
725,648,0.0586
648,855,0.06672
855,648,0.06672
648,884,0.00957
884,648,0.00957
648,911,0.05928
911,648,0.05928
648,925,0.03707
925,648,0.03707
648,960,0.05456
960,648,0.05456
647,682,0.05737
682,647,0.05737
647,694,0.05349
694,647,0.05349
647,896,0.04763
896,647,0.04763
646,668,0.05698
668,646,0.05698
646,937,0.02537
937,646,0.02537
646,965,0.07465
965,646,0.07465
645,717,0.07273
717,645,0.07273
645,748,0.01279
748,645,0.01279
645,758,0.06882
758,645,0.06882
645,783,0.04081
783,645,0.04081
645,807,0.05115
807,645,0.05115
645,972,0.07153
972,645,0.07153
644,699,0.06239
699,644,0.06239
644,743,0.04821
743,644,0.04821
644,774,0.06337
774,644,0.06337
644,792,0.05038
792,644,0.05038
644,893,0.02568
893,644,0.02568
643,672,0.02405
672,643,0.02405
643,776,0.04919
776,643,0.04919
643,784,0.02997
784,643,0.02997
643,808,0.04543
808,643,0.04543
643,850,0.06256
850,643,0.06256
643,906,0.02399
906,643,0.02399
643,919,0.03907
919,643,0.03907
643,929,0.05533
929,643,0.05533
643,949,0.01575
949,643,0.01575
643,982,0.06983
982,643,0.06983
642,691,0.03426
691,642,0.03426
642,705,0.05999
705,642,0.05999
642,768,0.0204
768,642,0.0204
642,781,0.02702
781,642,0.02702
642,802,0.04732
802,642,0.04732
642,908,0.04583
908,642,0.04583
642,914,0.0663
914,642,0.0663
642,983,0.0527
983,642,0.0527
642,988,0.05223
988,642,0.05223
641,702,0.06993
702,641,0.06993
641,775,0.05464
775,641,0.05464
641,789,0.06839
789,641,0.06839
641,839,0.06965
839,641,0.06965
641,869,0.07442
869,641,0.07442
641,899,0.00887
899,641,0.00887
641,909,0.03025
909,641,0.03025
641,966,0.0167
966,641,0.0167
641,968,0.07483
968,641,0.07483
641,984,0.0705
984,641,0.0705
641,995,0.02935
995,641,0.02935
640,673,0.04343
673,640,0.04343
640,847,0.05147
847,640,0.05147
639,750,0.06986
750,639,0.06986
639,782,0.07158
782,639,0.07158
639,794,0.0197
794,639,0.0197
639,885,0.06322
885,639,0.06322
639,937,0.05124
937,639,0.05124
638,782,0.03244
782,638,0.03244
638,794,0.06591
794,638,0.06591
638,849,0.06813
849,638,0.06813
638,951,0.02188
951,638,0.02188
637,688,0.02869
688,637,0.02869
637,957,0.03023
957,637,0.03023
636,724,0.0146
724,636,0.0146
636,749,0.06813
749,636,0.06813
636,786,0.04163
786,636,0.04163
636,887,0.02338
887,636,0.02338
636,892,0.04921
892,636,0.04921
636,898,0.0393
898,636,0.0393
636,917,0.03332
917,636,0.03332
635,645,0.03319
645,635,0.03319
635,748,0.02512
748,635,0.02512
635,783,0.04224
783,635,0.04224
635,807,0.05602
807,635,0.05602
635,972,0.07216
972,635,0.07216
634,701,0.03277
701,634,0.03277
634,706,0.07491
706,634,0.07491
634,736,0.01703
736,634,0.01703
634,757,0.02371
757,634,0.02371
634,766,0.02967
766,634,0.02967
634,833,0.0673
833,634,0.0673
634,888,0.05739
888,634,0.05739
634,890,0.07269
890,634,0.07269
634,959,0.07364
959,634,0.07364
633,709,0.02361
709,633,0.02361
633,711,0.05232
711,633,0.05232
633,733,0.06759
733,633,0.06759
633,835,0.04605
835,633,0.04605
633,862,0.05853
862,633,0.05853
632,710,0.07461
710,632,0.07461
632,718,0.07412
718,632,0.07412
632,767,0.05661
767,632,0.05661
632,806,0.07044
806,632,0.07044
632,817,0.02621
817,632,0.02621
632,912,0.05391
912,632,0.05391
632,922,0.06061
922,632,0.06061
632,935,0.07099
935,632,0.07099
632,943,0.07002
943,632,0.07002
632,945,0.05607
945,632,0.05607
632,997,0.05954
997,632,0.05954
631,662,0.05115
662,631,0.05115
631,695,0.03523
695,631,0.03523
631,796,0.03511
796,631,0.03511
631,834,0.03167
834,631,0.03167
630,667,0.06872
667,630,0.06872
630,715,0.07176
715,630,0.07176
630,857,0.05441
857,630,0.05441
630,938,0.05095
938,630,0.05095
629,740,0.06754
740,629,0.06754
629,749,0.05259
749,629,0.05259
629,760,0.03847
760,629,0.03847
629,771,0.03281
771,629,0.03281
629,811,0.06102
811,629,0.06102
629,917,0.07468
917,629,0.07468
628,641,0.07199
641,628,0.07199
628,869,0.03298
869,628,0.03298
628,909,0.04255
909,628,0.04255
628,921,0.06769
921,628,0.06769
628,966,0.06725
966,628,0.06725
628,968,0.03915
968,628,0.03915
628,995,0.06996
995,628,0.06996
627,671,0.06704
671,627,0.06704
627,723,0.07169
723,627,0.07169
627,803,0.06111
803,627,0.06111
627,819,0.07435
819,627,0.07435
627,881,0.00958
881,627,0.00958
627,923,0.04674
923,627,0.04674
627,969,0.01428
969,627,0.01428
627,987,0.07195
987,627,0.07195
626,683,0.03152
683,626,0.03152
626,696,0.07034
696,626,0.07034
626,745,0.01588
745,626,0.01588
626,829,0.05685
829,626,0.05685
626,841,0.06582
841,626,0.06582
626,902,0.02176
902,626,0.02176
626,928,0.06384
928,626,0.06384
625,669,0.06062
669,625,0.06062
625,796,0.06463
796,625,0.06463
624,753,0.01989
753,624,0.01989
624,767,0.05996
767,624,0.05996
624,860,0.06664
860,624,0.06664
624,890,0.0535
890,624,0.0535
624,907,0.01901
907,624,0.01901
624,922,0.06248
922,624,0.06248
624,934,0.06903
934,624,0.06903
624,981,0.04101
981,624,0.04101
623,693,0.04175
693,623,0.04175
622,644,0.03944
644,622,0.03944
622,743,0.03885
743,622,0.03885
622,792,0.06476
792,622,0.06476
622,893,0.05254
893,622,0.05254
621,663,0.03988
663,621,0.03988
621,829,0.05414
829,621,0.05414
621,837,0.02746
837,621,0.02746
621,841,0.06929
841,621,0.06929
621,889,0.04545
889,621,0.04545
621,930,0.07483
930,621,0.07483
621,996,0.0225
996,621,0.0225
620,659,0.04795
659,620,0.04795
620,721,0.05559
721,620,0.05559
620,787,0.03132
787,620,0.03132
620,842,0.07048
842,620,0.07048
620,870,0.04664
870,620,0.04664
619,624,0.02226
624,619,0.02226
619,678,0.05384
678,619,0.05384
619,753,0.03587
753,619,0.03587
619,767,0.04699
767,619,0.04699
619,801,0.06202
801,619,0.06202
619,860,0.04453
860,619,0.04453
619,890,0.05453
890,619,0.05453
619,907,0.02929
907,619,0.02929
619,922,0.07391
922,619,0.07391
619,934,0.04678
934,619,0.04678
619,981,0.05808
981,619,0.05808
618,657,0.06121
657,618,0.06121
618,680,0.04865
680,618,0.04865
618,853,0.00644
853,618,0.00644
618,877,0.05459
877,618,0.05459
618,895,0.07019
895,618,0.07019
618,920,0.03512
920,618,0.03512
617,649,0.06132
649,617,0.06132
617,660,0.06181
660,617,0.06181
617,710,0.03218
710,617,0.03218
617,820,0.06342
820,617,0.06342
617,828,0.06678
828,617,0.06678
617,931,0.06914
931,617,0.06914
617,935,0.07242
935,617,0.07242
617,943,0.05985
943,617,0.05985
617,945,0.04767
945,617,0.04767
617,955,0.06814
955,617,0.06814
616,622,0.06957
622,616,0.06957
616,644,0.05398
644,616,0.05398
616,673,0.0443
673,616,0.0443
616,754,0.05256
754,616,0.05256
616,774,0.03116
774,616,0.03116
615,620,0.03388
620,615,0.03388
615,651,0.05909
651,615,0.05909
615,665,0.06111
665,615,0.06111
615,679,0.04357
679,615,0.04357
615,787,0.06496
787,615,0.06496
615,842,0.04911
842,615,0.04911
